  1100  0 0 0 0 0 350 2 0 2 0 354
  1171  0 0 0 0 0 35  13  0 1 0 49
  1301  112 154 53  15  2 1 0 0 8 0 345
  1315  191 26  11  2 1 2 0 0 6 0 239
  1331  195 126 63  24  24  2 0 0 39  0 473
  1332  124 116 52  21  15  3 0 0 18  0 349
  1371  501 239 97  43  61  1 0 0 75  0 1017
  1801  78  11  0 1 0 0 0 0 3 0 93
  2050  98  81  56  11  12  2 0 0 15  0 275
  2051  12  7 4 0 0 0 0 0 2 0 25
  2110  79  96  47  14  14  4 0 0 8 0 262
  2200  108 47  17  5 3 4 0 0 9 0 193
  2261  13  10  9 5 2 0 0 0 2 0 41
  2316  101 78  39  10  5 0 0 0 11  0 244
  2340  181 25  0 0 0 1 0 0 3 0 210
  2698  0 0 0 0 0 0 0 0 0 1 1
  2699  20  1 0 1 0 1 0 0 0 0 23
  2803  17  1 1 0 0 0 0 0 0 0 19
  3210  15  25  4 0 1 1 0 0 5 2 53
  3220  18  2 0 1 0 0 0 0 2 0 23
  3251  57  30  22  3 4 0 0 0 6 0 122
  3300  19  10  0 0 1 0 0 0 0 0 30
  3451  24  34  9 0 3 1 0 0 17  0 88
  3510  97  77  32  3 4 0 0 0 19  0 232
  3600  49  14  11  3 4 2 0 0 15  0 98
  3651  25  2 0 0 0 0 0 0 0 0 27
  3743  4 0 0 0 0 0 0 0 0 0 4
  3750  43  32  5 1 0 0 0 0 2 0 83
  3790  34  21  8 0 0 1 0 0 1 0 65
  3801  85  10  0 0 0 0 0 0 1 0 96
  3802  24  0 0 0 0 0 0 0 0 0 24
  4001  83  31  3 2 0 0 0 0 1 0 120
  4005  5 0 0 0 0 0 0 0 0 0 5
  4210  3 2 0 0 0 0 0 0 0 0 5
  4220  2 2 0 0 0 0 0 0 0 0 4
  4235  31  18  0 0 0 0 0 0 1 0 50
  4240  12  6 11  0 0 0 0 0 6 0 35
  4261  30  13  0 0 0 0 0 0 0 0 43
  4270  11  0 0 0 0 0 0 0 0 0 11
  4290  8 3 3 1 3 0 0 0 5 0 23
  4400  70  128 47  8 0 4 0 0 11  0 268
  4420  27  1 0 0 1 0 0 0 2 0 31
  4455  36  11  3 0 0 0 0 0 4 0 54
  4460  28  33  17  4 2 1 0 0 8 0 93
  4470  10  4 4 0 4 0 0 0 0 0 22
  4495  54  22  5 1 4 0 0 1 13  0 100
  4510  18  22  18  8 0 0 0 0 6 0 72
  4540  23  6 3 0 0 0 0 0 1 0 33
  4590  13  10  0 0 0 1 0 0 4 0 28
  4635  18  15  2 1 1 0 0 0 4 0 41
  4649  7 8 0 0 0 0 0 0 0 0 15
  4650  10  5 0 1 2 2 0 0 4 0 24
  4660  24  4 0 0 0 0 0 0 0 0 28
  4698  0 0 0 0 0 0 0 0 0 13  13
  4699  41  1 1 0 0 1 0 0 0 0 44
  4710  13  1 0 0 0 0 0 0 0 0 14
  4741  4 1 0 0 0 0 0 0 0 0 5
  4803  13  5 0 0 0 1 1 0 2 0 22
  4901  19  0 0 0 0 0 0 0 0 1 20
  4903  62  1 0 0 0 5 0 0 0 0 68
  4911  104 5 4 0 1 0 0 0 1 0 115
  4912  28  0 1 0 0 0 0 0 0 0 29
  4980  2 0 0 0 0 0 0 0 1 0 3
  6035  34  1 0 0 0 0 0 0 0 0 35
  6150  14  1 0 0 0 0 0 0 0 0 15
  6210  47  56  7 4 9 1 0 0 83  1 208
  6235  45  1 0 0 0 0 0 0 0 0 46
  6238  18  15  0 0 1 0 0 0 2 1 37
  6250  257 32  8 0 4 0 0 0 33  0 334
  6260  14  21  3 0 0 1 0 0 7 1 47
  6262  27  6 0 0 0 0 0 0 0 0 33
  6265  45  7 1 0 0 0 0 0 0 0 53
  6266  7 1 0 0 0 0 0 0 0 0 8
  6290  51  22  13  1 3 0 0 0 62  0 152
  6300  163 43  13  6 8 0 0 0 25  0 258
  6310  82  53  4 0 6 0 0 0 50  0 195
  6340  28  7 0 1 0 0 0 0 6 0 42
  6400  19  16  0 0 1 0 0 0 3 1 40
  6422  33  0 0 0 0 0 0 0 0 0 33
  6440  70  27  2 0 2 0 0 0 27  0 128
  6451  7 0 0 0 0 0 0 0 0 0 7
  6452  24  1 0 0 0 0 0 0 1 0 26
  6456  16  6 3 0 0 0 0 0 1 0 26
  6457  11  2 0 0 0 0 0 0 1 0 14
  6460  24  0 0 0 0 0 0 0 0 0 24
  6491  21  3 0 0 0 0 0 0 2 0 26
  6505  93  68  27  13  9 2 1 0 83  0 296
  6520  20  0 0 0 0 0 0 0 0 1 21
  6601  43  13  2 0 0 3 1 0 6 1 69
  6750  28  17  5 0 0 0 0 0 0 0 50
  6753  63  5 3 0 0 0 0 0 0 0 71
  6763  1 0 0 0 0 0 0 0 0 0 1
  6998  20  3 1 0 0 0 0 0 0 0 24
  6999  48  1 1 0 0 0 0 0 0 0 50
  7000  0 0 0 0 0 4 0 0 0 0 4
  7001  47  3 0 0 1 0 0 0 0 0 51
  7260  21  12  1 0 0 0 0 0 0 0 34
  7290  8 1 0 0 0 0 0 0 0 0 9
  7292  18  2 0 0 0 0 0 0 0 0 20
  7450  24  22  1 0 0 1 0 0 3 1 52
  7495  22  1 0 0 0 0 0 0 2 0 25
  7496  22  0 0 0 0 0 0 0 1 1 24
  7535  9 3 2 0 0 0 0 0 1 3 18
  7633  18  0 0 0 0 0 0 0 1 1 20
  7634  15  1 0 0 0 0 0 0 0 1 17
  7637  169 25  4 0 3 1 0 0 28  0 230
  7641  124 77  4 12  4 0 0 0 100 1 322
  7646  84  9 3 1 0 0 0 0 2 2 101
  7649  12  4 0 0 0 0 0 0 0 1 17
  7650  10  7 1 0 1 1 1 0 6 5 32
  7785  13  0 0 0 0 0 0 0 0 0 13
  7999  0 0 0 0 0 5 0 0 0 0 5
  8001  0 0 0 0 0 115 0 0 1 1 117
  8002  0 0 0 0 0 25  0 0 0 0 25
  8750  0 1 0 0 0 0 0 0 0 0 1
  8751  3 0 0 0 0 0 0 0 0 0 3
  8803  170 28  3 2 3 1 0 35  13  3 258
  8804  13  0 0 0 0 0 0 0 1 0 14
  8903  114 3 0 0 0 4 0 0 0 0 121
  8997  0 0 0 0 0 0 0 0 0 46  46
  8998  0 0 0 0 0 0 0 0 0 104 104
  8999  0 0 0 0 0 77  0 0 0 0 77
  9000  0 0 0 0 0 132 0 0 0 0 132
  1100  0 0 0 0 0 88  11  0 0 0 99
  1171  0 0 0 0 0 28  13  0 6 0 47
  1301  112 162 45  15  7 0 0 3 16  0 360
  1315  161 28  6 2 1 1 0 0 6 0 205
  1331  220 173 79  29  29  5 1 1 66  0 603
  1332  110 123 76  21  23  5 0 1 30  0 389
  1371  392 248 119 42  69  0 0 0 34  0 904
  2050  84  100 62  20  12  0 0 0 6 0 284
  2051  16  4 2 0 0 0 0 0 1 0 23
  2110  77  99  68  24  14  1 0 3 10  0 296
  2200  44  74  52  12  5 3 0 2 11  0 203
  2261  23  7 7 2 3 0 0 0 2 0 44
  2316  41  55  17  7 7 1 0 0 30  0 158
  2340  252 23  6 0 0 1 0 0 1 0 283
  2698  0 0 0 0 0 0 0 0 1 1 2
  2699  29  2 0 0 0 0 0 1 0 0 32
  2803  21  2 0 0 0 0 0 0 0 0 23
  3210  17  21  3 1 0 3 0 0 4 0 49
  3220  34  10  4 2 3 0 0 0 7 0 60
  3251  48  38  31  12  2 1 0 0 7 0 139
  3311  96  8 0 0 0 0 0 0 1 0 105
  3312  78  0 0 0 0 0 0 0 0 0 78
  3451  39  21  10  1 2 2 0 0 1 1 77
  3510  97  88  45  4 3 1 0 1 20  0 259
  3511  10  11  3 3 2 2 0 0 4 0 35
  3600  90  52  23  5 4 5 0 0 25  1 205
  3630  70  14  9 0 0 0 0 1 6 0 100
  3651  23  7 0 0 1 0 0 0 0 0 31
  3750  59  33  5 0 3 1 0 2 0 0 103
  4001  66  46  3 2 2 0 0 0 7 0 126
  4057  3 1 0 0 0 0 0 0 0 0 4
  4210  2 1 2 0 0 1 0 0 0 0 6
  4235  28  23  10  0 1 0 0 0 1 0 63
  4240  13  15  6 0 3 1 0 0 0 1 39
  4251  8 5 6 0 0 1 0 0 1 1 22
  4261  27  9 1 0 0 0 0 0 0 0 37
  4290  12  7 4 0 1 0 0 0 4 0 28
  4365  12  1 0 0 2 0 0 0 0 0 15
  4400  152 125 27  2 1 12  0 0 6 0 325
  4440  23  5 1 0 0 0 0 0 1 1 31
  4460  14  35  14  3 5 0 0 0 3 0 74
  4472  19  6 0 0 1 0 0 1 1 0 28
  4475  17  10  5 0 1 0 0 0 0 0 33
  4495  114 24  5 1 7 0 0 0 36  0 187
  4496  23  11  4 3 1 1 0 0 7 0 50
  4510  34  12  16  0 0 0 0 0 4 0 66
  4540  3 0 0 0 0 0 0 0 0 0 3
  4590  29  21  2 0 0 0 1 0 5 1 59
  4605  28  8 1 0 0 0 0 0 1 0 38
  4632  0 0 1 0 0 0 0 0 0 0 1
  4641  129 65  3 2 0 2 0 0 34  3 238
  4675  4 0 0 0 0 0 0 0 1 0 5
  4690  2 3 0 0 0 0 0 0 0 0 5
  4698  0 0 0 0 0 0 0 0 0 10  10
  4699  52  1 1 0 0 1 0 1 1 0 57
  4731  20  11  7 2 0 0 0 0 0 0 40
  4742  5 0 0 0 0 0 0 0 0 0 5
  4770  0 1 0 0 0 0 0 0 0 0 1
  4803  3 2 0 0 0 0 0 0 0 0 5
  4901  1 0 0 0 0 0 0 0 0 0 1
  4903  66  0 0 0 1 0 0 0 0 0 67
  4911  56  1 1 0 0 0 0 0 1 0 59
  4912  19  3 0 0 0 0 0 0 0 0 22
  4980  12  0 0 0 0 0 0 0 0 0 12
  6035  5 2 0 0 0 0 0 0 1 1 9
  6210  109 24  2 0 3 1 0 9 93  2 243
  6241  17  9 0 0 0 0 0 0 5 0 31
  6250  399 99  8 0 5 0 0 1 46  0 558
  6260  0 0 0 0 0 0 0 35  0 0 35
  6262  13  5 0 0 0 0 0 35  0 0 53
  6266  6 1 0 0 0 0 0 0 0 0 7
  6290  35  37  13  7 10  1 0 0 75  5 183
  6300  240 41  11  4 1 0 0 0 24  0 321
  6310  87  45  6 0 4 0 0 0 63  0 205
  6365  37  3 1 0 0 1 0 0 3 1 46
  6440  194 28  1 0 0 1 0 2 11  0 237
  6455  28  7 0 0 0 0 0 0 1 0 36
  6470  23  0 0 0 0 0 0 0 0 0 23
  6475  134 25  10  3 4 0 0 0 31  0 207
  6505  130 43  15  9 10  0 1 2 110 0 320
  6550  10  0 0 0 0 1 0 0 1 1 13
  6675  67  0 0 0 0 1 0 0 1 1 70
  6725  23  1 0 0 0 0 0 0 0 0 24
  6750  23  4 0 0 0 0 0 0 0 1 28
  6770  7 0 0 0 0 0 0 0 1 0 8
  6998  15  8 0 0 0 0 0 0 0 0 23
  6999  49  1 0 0 0 0 0 2 0 0 52
  7000  0 0 0 0 0 5 0 0 0 0 5
  7270  31  4 0 0 1 0 0 0 1 0 37
  7455  9 1 1 0 0 0 0 0 0 0 11
  7460  12  2 0 1 0 0 0 0 0 0 15
  7470  30  1 0 0 0 0 0 0 0 0 31
  7492  27  0 0 0 0 0 0 0 0 0 27
  7495  17  3 0 0 0 0 0 0 0 0 20
  7545  12  8 2 0 0 2 0 0 6 2 32
  7560  4 4 1 0 0 0 1 0 1 1 12
  7630  14  0 0 0 0 0 0 0 0 0 14
  7631  26  7 1 0 0 0 0 0 3 2 39
  7632  8 4 0 0 0 1 0 0 2 0 15
  7637  165 33  9 2 3 0 0 0 55  0 267
  7641  124 38  9 6 1 0 0 0 126 0 304
  7999  0 0 0 0 0 33  0 0 2 0 35
  8001  0 0 0 0 0 72  0 0 3 2 77
  8750  3 0 1 0 0 0 0 0 0 0 4
  8801  15  0 0 0 0 0 0 0 0 1 16
  8803  439 127 13  4 15  7 1 3 166 14  789
  8903  114 10  1 0 0 4 0 1 1 0 131
  8997  0 0 0 0 0 0 0 0 1 97  98
  8998  0 0 0 0 0 0 0 0 0 118 118
  8999  0 0 0 0 0 76  0 0 0 0 76
  9000  0 0 0 0 0 127 1 0 0 0 128
  1171  0 0 0 0 0 2 3 0 4 0 9
  1301  15  6 4 0 3 3 0 0 2 0 33
  1315  38  9 4 1 1 3 0 20  5 0 81
  1331  51  54  23  7 4 5 0 1 7 0 152
  1332  56  16  4 3 6 2 0 1 2 0 90
  1371  57  50  35  13  16  0 0 1 10  0 182
  1801  0 0 0 0 0 1 0 0 0 0 1
  2050  22  24  10  3 1 0 0 0 4 0 64
  2110  18  14  11  3 1 0 0 1 5 0 53
  2200  24  15  8 4 2 3 0 0 9 0 65
  2316  56  11  8 3 0 2 0 0 2 0 82
  2340  56  4 1 0 0 0 0 0 1 0 62
  2699  1 0 0 0 0 0 0 0 0 0 1
  2803  3 0 0 0 0 0 0 0 0 0 3
  3251  16  7 3 0 2 0 0 0 1 0 29
  3300  11  5 1 0 0 0 0 0 0 0 17
  3311  24  0 0 0 0 0 0 0 0 0 24
  3312  5 0 0 0 0 0 0 0 1 0 6
  3451  9 6 1 0 1 0 0 0 4 0 21
  3510  18  14  8 4 4 0 0 0 8 0 56
  3600  30  4 2 0 0 0 0 0 4 1 41
  3750  43  17  2 1 0 0 0 0 0 0 63
  3790  11  9 3 2 1 0 0 1 1 0 28
  4001  87  25  4 0 1 0 0 28  6 0 151
  4235  22  9 0 0 0 0 0 0 0 0 31
  4261  13  4 2 0 0 0 0 0 2 0 21
  4400  87  58  8 2 0 0 0 0 1 0 156
  4455  7 3 0 1 0 0 0 0 0 0 11
  4460  4 9 3 3 0 0 0 0 9 0 28
  4475  39  10  2 0 0 0 0 0 1 0 52
  4590  5 5 0 0 0 0 0 0 0 0 10
  4641  14  7 3 2 0 1 1 0 4 4 36
  4660  8 0 0 0 0 1 0 0 1 0 10
  4698  0 0 0 0 0 0 0 0 0 2 2
  4699  6 1 0 0 0 0 0 0 0 0 7
  4731  7 6 0 0 0 0 0 0 0 0 13
  4803  1 0 0 0 0 0 0 0 2 0 3
  4903  14  0 0 0 0 0 0 1 0 0 15
  4911  16  0 0 0 0 0 0 0 0 0 16
  6250  249 28  4 4 12  0 0 1 46  0 344
  6266  6 0 0 0 0 0 0 0 0 0 6
  6300  143 37  16  4 10  0 0 0 22  0 232
  6457  7 2 0 0 0 0 0 0 1 1 11
  6460  13  0 0 0 0 0 0 0 0 0 13
  6475  81  34  9 1 0 0 0 0 13  0 138
  6795  16  3 1 0 0 1 0 0 2 3 26
  6999  7 0 0 0 0 0 0 0 0 0 7
  7000  0 0 0 0 0 0 0 1 0 0 1
  7632  7 1 0 0 0 0 0 0 0 1 9
  7637  208 48  5 2 10  0 0 14  83  0 370
  8751  1 0 0 0 0 0 0 0 0 0 1
  8803  239 72  12  5 9 0 0 0 108 1 446
  8903  14  0 0 0 0 3 1 1 2 0 21
  8997  0 0 0 0 0 0 0 0 0 17  17
  8998  0 0 0 0 0 0 0 0 0 34  34
  8999  0 0 0 0 0 25  0 0 0 0 25
  9000  0 0 0 0 0 81  0 0 0 0 81