  6001  21  0 0 0 0 0 0 0 0 0 21
  6010  23  4 0 0 0 0 0 0 4 2 33
  6040  21  4 0 0 0 0 0 0 1 0 26
  6140  48  28  11  0 0 0 0 0 10  1 98
  6230  35  5 0 1 1 1 0 0 1 1 45
  6241  7 9 1 0 0 0 1 0 0 2 20
  6242  97  2 2 0 0 0 0 0 5 0 106
  6643  10  2 0 0 0 0 0 0 0 0 12
  6644  4 0 0 0 0 0 0 0 0 3 7
  6740  44  24  2 0 0 0 0 0 3 3 76
  7000  0 0 0 0 0 3 0 0 0 0 3
  8803  3 1 0 0 0 1 0 0 0 0 5
  8903  8 1 0 0 0 0 0 0 0 0 9
  8997  0 0 0 0 0 0 0 0 0 8 8
  8998  0 0 0 0 0 0 0 0 0 17  17
  8999  16  0 0 0 0 6 1 0 0 0 23
  9000  0 0 0 0 0 25  1 0 0 0 26
  6220  20  38  20  4 1 3 0 0 13  3 102
  6240  47  6 2 0 1 0 0 0 3 0 59
  6242  80  7 1 0 0 1 0 5 1 2 97
  6643  15  13  1 1 0 0 0 0 4 0 34
  6644  6 0 0 0 0 0 0 0 1 0 7
  6730  49  21  1 0 0 0 0 0 1 2 74
  6742  7 0 0 0 0 0 0 0 0 0 7
  7000  0 0 0 0 0 5 0 0 0 0 5
  8803  25  11  0 0 0 4 0 0 3 3 46
  8903  6 0 0 0 0 1 0 0 0 0 7
  8997  0 0 0 0 0 0 0 0 0 8 8
  8998  0 0 0 0 0 0 0 0 0 14  14
  8999  7 1 0 0 0 10  1 0 0 0 19
  9000  0 0 0 0 0 26  0 0 0 0 26
  7000  0 0 0 0 0 1 0 0 0 0 1
  8803  8 0 0 0 0 0 0 0 0 0 8
  8903  1 0 0 0 0 0 0 0 0 0 1
  8998  0 0 0 0 0 0 0 0 0 6 6
  8999  4 2 0 0 0 3 0 0 0 0 9
  9000  0 0 0 0 0 11  0 0 0 0 11