
# www.irp.gatech.edu/reports/grade_distributionsmry.php
# A B C D F S U I W V TOTAL

# FALL 2016

2016-3:6035: 165  23  8 0 5 0 0 0 35  0 236
2016-3:6210: 22 25  6 1 10  0 0 0 38  0 102
2016-3:6220: 18 9 3 0 1 0 0 0 29  0 60
2016-3:6242: 157  85  19  10  13  0 0 3 36  0 323
2016-3:6250: 151  83  32  4 7 0 0 0 89  0 366
2016-3:6262: 168  13  3 0 1 0 0 0 32  0 217
2016-3:6290: 19 24  8 0 6 0 0 0 44  0 101
2016-3:6300: 281  51  17  8 4 0 0 0 35  0 396
2016-3:6310: 143  52  12  0 2 0 0 0 62  0 271
2016-3:6340: 59 21  15  0 1 0 0 0 36  0 132
2016-3:6400: 226  131 14  2 0 0 0 0 22  0 395
2016-3:6440: 169  7 2 0 1 0 0 0 11  0 190
2016-3:6460: 115  7 1 0 0 0 0 1 6 0 130
2016-3:6465:
2016-3:6475: 45 46  11  5 0 0 0 0 15  0 122
2016-3:6476: 106  36  5 4 15  0 0 5 62  0 233
2016-3:6505: 104  112 10  3 0 0 0 0 81  0 310
2016-3:6601: 179  44  9 0 7 0 0 0 94  0 333
2016-3:6750: 60 19  3 0 1 0 0 0 6 0 89
2016-3:7637: 206  48  7 4 13  0 0 1 70  0 349
2016-3:7641: 150  60  17  2 3 0 0 0 161 0 393
2016-3:7646: 174  43  25  5 8 0 0 0 44  0 299
2016-3:8803-001: 74 21  6 1 0 0 0 0 17  0 119
2016-3:8803-002: 116  33  4 2 4 0 0 0 81  0 240
2016-3:8803-003: 51 2 2 0 1 0 0 0 19  0 75
2016-3:8803-004: 10 5 0 0 0 0 0 0 4 0 19
2016-3:8803-005:
2016-3:8803-006:
2016-3:8803-007: 13 19  1 0 0 0 0 0 5 0 38
2016-3:8803-BDHI: 26  11  0 1 2 0 0 0 17  0 57

# SUMMER 2016

2016-2:6035: 230  75  11  0 0 0 0 0 23  0 339
2016-2:6210:
2016-2:6220:
2016-2:6242:
2016-2:6250:
2016-2:6262:
2016-2:6290:
2016-2:6300: 137  37  8 3 3 0 0 0 12  0 200
2016-2:6310: 71 46  7 1 0 0 0 0 87  0 212
2016-2:6340: 37 27  11  6 3 0 0 0 35  0 119
2016-2:6400:
2016-2:6440:
2016-2:6460:
2016-2:6465:
2016-2:6475: 117  60  14  3 2 1 0 0 40  0 237
2016-2:6476:
2016-2:6505:
2016-2:6601:
2016-2:6750:
2016-2:7637: 200  78  7 5 6 0 0 1 73  0 370
2016-2:7641:
2016-2:7646:
2016-2:8803-001: 73 85  35  3 2 0 0 0 28  0 226
2016-2:8803-002: 100  20  7 0 10  0 0 0 90  0 227
2016-2:8803-003: 124  21  2 0 0 0 0 0 28  0 175
2016-2:8803-004: 14 9 6 0 4 0 0 0 10  0 43
2016-2:8803-005:
2016-2:8803-006:
2016-2:8803-007:
2016-2:8803-BDHI:

# SPRING 2016

2016-1:6035: 235  66  6 7 0 0 0 1 27  0 342
2016-1:6210:  35  16  3 2 5 0 0 0 50  0 111
2016-1:6220: 17 16  1 0 2 0 0 0 35  0 71
2016-1:6242:
2016-1:6250: 128  129 17  5 7 0 0 5 65  0 356
2016-1:6262:
2016-1:6290: 16 17  6 2 6 0 0 0 29  0 76
2016-1:6300: 209  95  16  5 0 0 0 0 34  0 359
2016-1:6310: 99 16  3 3 3 0 0 0 92  0 216
2016-1:6340: 84 63  23  0 0 0 0 0 30  0 200
2016-1:6400:  95  114 22  6 3 1 0 2 22  0 265
2016-1:6440: 175  2 0 0 0 0 0 1 8 0 186
2016-1:6460: 107  6 1 0 1 0 0 2 9 0 126
2016-1:6465:
2016-1:6475:  66  56  10  3 3 0 0 0 18  0 156
2016-1:6476: 85 39  9 3 6 0 0 0 62  0 204
2016-1:6505:  32  63  64  0 8 0 0 3 132 0 302
2016-1:6601: 100  49  0 4 0 0 0 0 54  0 207
2016-1:6750:
2016-1:7637:  170 42  13  3 10  0 0 0 64  0 302
2016-1:7641: 147  54  15  4 3 0 0 0 135 0 358
2016-1:7646:  221 80  19  5 10  0 1 2 38  0 376
2016-1:8803-001:  74  52  14  7 5 0 0 0 7 0 159
2016-1:8803-002:  93  42  5 4 2 1 0 0 75  0 222
2016-1:8803-003: 55 10  1 0 0 0 0 0 20  0 86
2016-1:8803-004: 23 8 2 2 0 0 0 0 24  0 59
2016-1:8803-005:
2016-1:8803-006:
2016-1:8803-007:
2016-1:8803-BDHI: 73  17  8 3 3 0 0 0 64  0 168

# FALL 2015

2015-3:6035: 126   97  6   0   0   0   0   0   16  0   245
2015-3:6210: 41    23  6   0   4   0   0   0   50  0   124
2015-3:6220: 16    23  10  4   2   0   0   4   71  0   130
2015-3:6242:
2015-3:6250: 175   91  14  4   12  0   0   0   48  0   344
2015-3:6262:
2015-3:6290: 27    24  6   3   6   0   0   0   44  0   110
2015-3:6300: 211   69  12  10  4   0   0   0   46  0   352
2015-3:6310: 130   37  8   0   5   0   0   0   84  0   264
2015-3:6340:
2015-3:6400:
2015-3:6440: 164   8   0   0   0   0   0   0   12  0   184
2015-3:6460: 86    5   0   1   1   0   0   1   7   0   101
2015-3:6465:
2015-3:6475: 72    39  4   2   1   0   1   0   23  0   142
2015-3:6476: 70    52  19  5   1   0   0   0   54  0   201
2015-3:6505: 21    52  36  8   14  0   0   0   142 0   273
2015-3:6601:
2015-3:6750:
2015-3:7637: 145   21  9   4   4   0   0   0   49  0   232
2015-3:7641: 143   47  5   6   6   0   0   0   152 0   359
2015-3:7646: 293   46  11  4   12  0   0   0   18  0   384
2015-3:8803-001: 134   14  4   1   2   0   0   0   6   0   161
2015-3:8803-002: 90    43  11  2   8   0   0   1   95  0   250
2015-3:8803-003: 69    17  3   0   2   0   0   0   26  0   117
2015-3:8803-004:
2015-3:8803-005:
2015-3:8803-006:
2015-3:8803-007:
2015-3:8803-BDHI:

# SUMMER 2015

2015-2:6035:
2015-2:6210:
2015-2:6220:
2015-2:6242:
2015-2:6250: 250   29  3   4   12  0   0   0   46  0   344
2015-2:6262:
2015-2:6290:
2015-2:6300: 143   40  13  4   9   0   0   0   23  0   232
2015-2:6310:
2015-2:6340:
2015-2:6400:
2015-2:6440:
2015-2:6460:
2015-2:6465:
2015-2:6475: 81    34  9   1   0   0   0   0   13  0   138
2015-2:6476:
2015-2:6505:
2015-2:6601:
2015-3:6750:
2015-2:7637: 215   51  6   3   12  0   0   0   83  0   370
2015-2:7641:
2015-2:7646:
2015-2:8803-001: 151   15  4   0   2   0   0   0   10  0   182
2015-2:8803-002: 81    49  5   5   7   0   0   0   98  0   245
2015-2:8803-003:
2015-2:8803-004:
2015-2:8803-005:
2015-2:8803-006:
2015-3:8803-007:
2015-2:8803-BDHI:

# SPRING 2015

2015-1:6035:
2015-1:6210: 52    23  3   3   3   1   0   1   92  0   178
2015-1:6220:
2015-1:6242:
2015-1:6250: 344   96  5   0   4   0   0   0   45  0   494
2015-1:6262:
2015-1:6290: 26    33  13  7   10  0   0   0   72  0   161
2015-1:6300: 241   41  10  4   1   0   0   0   24  0   321
2015-1:6310: 88    44  6   0   4   0   0   0   63  0   205
2015-1:6340:
2015-1:6400:
2015-1:6440: 159   23  1   0   0   0   0   1   10  0   194
2015-1:6460:
2015-1:6465:
2015-1:6475: 115   22  10  3   4   0   0   0   30  0   184
2015-1:6476: 114   24  5   1   7   0   0   0   36  0   187
2015-1:6505: 56    37  15  9   10  0   1   2   107 0   237
2015-1:6601:
2015-3:6750:
2015-1:7637: 165   33  9   2   3   0   0   0   55  0   267
2015-1:7641: 124   38  9   6   1   0   0   0   126 0   304
2015-1:7646:
2015-1:8803-001: 134   21  3   3   5   0   0   1   26  0   193
2015-1:8803-002: 106   68  7   1   10  0   0   0   129 0   321
2015-1:8803-003:
2015-1:8803-004:
2015-1:8803-005:
2015-1:8803-006:
2015-3:8803-007:
2015-1:8803-BDHI:

# FALL 2014: 4495 was offered as computer vision (same as 6476)

2014-3:6035:
2014-3:6210: 24    35  6   4   6   0   0   0   78  0   153
2014-3:6220:
2014-3:6242:
2014-3:6250: 182   29  8   0   4   0   0   0   33  0   256
2014-3:6262:
2014-3:6290: 19    14  13  1   3   0   0   0   60  0   110
2014-3:6300: 163   43  13  6   8   0   0   0   25  0   258
2014-3:6310: 82    53  4   0   6   0   0   0   50  0   195
2014-3:6340:
2014-3:6400:
2014-3:6440: 70    27  2   0   1   0   0   1   27  0   128
2014-3:6460:
2014-3:6465:
2014-3:6475:
2014-3:6476:
2014-3:6505: 49    44  24  10  9   0   1   0   83  0   220
2014-3:6601:
2015-3:6750:
2014-3:7637: 138   25  4   0   3   0   0   0   26  0   196
2014-3:7641: 84    48  4   12  4   0   0   0   97  0   249
2014-3:7646:
2014-3:8803-001: 43    7   0   2   3   0   0   0   8   0   63
2014-3:8803-002:
2014-3:8803-003:
2014-3:8803-004:
2014-3:8803-005:
2014-3:8803-006:
2015-3:8803-007:
2014-3:8803-BDHI:

# SUMMER 2014

2014-2:6035:
2014-2:6210:
2014-2:6220:
2014-2:6242:
2014-2:6250: 136   18  9   2   2   0   0   0   18  0   185
2014-2:6262:
2014-2:6290:
2014-2:6300: 174   12  3   3   7   0   0   0   7   0   206
2014-2:6310:
2014-2:6340:
2014-2:6400:
2014-2:6440:
2014-2:6460:
2014-2:6465:
2014-2:6475:
2014-2:6476:
2014-2:6505:
2014-2:6601:
2015-3:6750:
2014-2:7637:
2014-2:7641:
2014-2:7646:
2014-2:8803-001: 78    16  3   2   6   0   0   0   4   0   109
2014-2:8803-002:
2014-2:8803-003:
2014-2:8803-004:
2014-2:8803-005:
2014-2:8803-006:
2015-3:8803-007:
2014-2:8803-BDHI:

# SPRING 2014

2014-1:6035:
2014-1:6210: 36    7   0   2   0   0   0   0   60  0   105
2014-1:6220:
2014-1:6242:
2014-1:6250: 97    5   1   0   2   0   0   0   12  0   117
2014-1:6262:
2014-1:6290:
2014-1:6300: 85    18  8   3   8   0   0   0   8   0   130
2014-1:6310:
2014-1:6340:
2014-1:6400:
2014-1:6440:
2014-1:6460:
2014-1:6465:
2014-1:6475:
2014-1:6476:
2014-1:6505:
2014-1:6601:
2015-3:6750:
2014-1:7637:
2014-1:7641: 58    25  2   3   1   0   0   0   64  0   153
2014-1:7646:
2014-1:8803-001: 41    4   1   6   5   0   0   0   14  0   71
2014-1:8803-002:
2014-1:8803-003:
2014-1:8803-004:
2014-1:8803-005:
2014-1:8803-006:
2015-3:8803-007:
2014-1:8803-BDHI:
